$ANSIBLE_VAULT;1.1;AES256
36623736623462376663666436643931613631306337363337386563383366353166343265363234
3935373737363333663165613063316338623836353935390a666165353739313331633135376463
38363531393662303065616364643634356637626131383831363237633661333637373234343830
3532383431383830360a363562353238323737626264633534353739343330646635316531363837
63383539336131393438326639613662313164323137363836613739346664643434636364363334
63656566636431306261616432363264303134323535623534613565646133626663356639646233
64636638356134313530393032643835323731646133376464393466666165346438643962383231
33303264666164383664646662636462363338656263666664313263333664656465316330316331
30643233313566633664373031666435306535353037633534636366323733363633616661373832
31386365643765396364306536343139356565353465656662366338326330323062366162633830
63656161666639383862666331383364643639376463356465623265326633306535333639636639
64333865373138663564393039346130346463393634346666376364353336333962333139343339
62663866386332643662396665336437626562323438653737386438353762313763343731323832
38663864336265393939643330396562666435613762663166393461326234663566316161326332
37633739336538346334663464356636663032643238373235396362393939663763643333303037
39663331393231323739303932663463373461643536323263393330393561613962623536633063
63653735663461393562356265373436343766306664386663613132663234343635393435636536
65396631376364333962633231383561326639613863363532353231336363613636383032663962
62643766656162633762313030303637343231653733373438306131373732373064633038313562
62653265363033343835386465623365386438393763636434643531333733396161393932643461
64363831333733636535656331653934636335343335313761393762643430393734303434303530
64663730623631343164313939626236353131613431356239346233306266333261653164396334
32393265616534323437363262643965633732623834366465656234323939376437616265303862
33323937366262613637643563366166656537626332346531336663353166326135343038356136
30346439623130663261383331633233393766303963366439663237636439373837
