$ANSIBLE_VAULT;1.1;AES256
66653362376537633933386431373438613961373235643331356264653933653666666262326134
3830303763343365376433326336326231396264303461390a343536356661333661306438346439
33326535636434663233383334373666623337383232383631643966313161393332613462663135
3962333331316261640a336333316439376433643265313261623366383538393562643131623533
32633334633163616661346163373532356463653039336462333737326638613637343062386331
64313934326366663833663934383936613139663562353931633161343733613665396264646338
62376139326663383166646138313138316335313133363035303838663838396566333831316139
31346237656239343835323338626535636539333361306334386237323836626437386637316530
62316461373038633135376365663662376534636666316162396362313639383764313462633436
65366639353562333630653433393561616133363837376464313934306566353166363130316166
62303262393330666435313938316635356262653861323937343166636230383530663137316632
34643835313832373062643661626637303039643961616538306566326562623435663937306234
62376339656564336634623233626362376436326364653066333830366333653232333662323933
30633262303764633662393231646135616433656664373833356661346630316363633764363362
35323835363637383733626465333436303462623730343138373038333336336335636336366365
31373935316230653434653336643934663237623333373137326466333763313731366261303565
36323466633966343535323566333066613331626164393465323735353062343639386433633033
66336636366333373637656562336330626234323764616633663666643633336432333839616130
34306535333466323066376332636134383636643631353365356163656536396635386465383636
38646430653338656632353266343661353965346236313165343936616334306535626334376535
33356433633838363164656530646231303461363730633939623638623263613135633266643631
34393966396561356432323863353563343030333739633566663463323339316666653737343730
37613364376432353131623262306439353233633136653636373366343065373236346136373238
34613033636261623664616331646332343965303237396236393830303161353461366337346266
30393139636635363335343930326435626335333662343663303361316362326131393737383638
66653130633164623638613430666432666530613839336537353862656165333439633164623737
66616363323730636336363937306432636530313363333035316637616238393334643231393030
34653734336162363039383633376164663935666464313561626336326230656266636339376138
65333230313365626139616164366330383566376234316339373135613930613364306232646163
32333831653735653261303832323933613037323264396261633630366264316462623863373032
37613061636133313834373138323939376465656538616436626334303032373162313831386637
61306531313138353865326532313862663164643532633339333738386430323537303366646366
35343066303963393865383631663534356666376238656432373566613563613537633861653862
32323339373666643539626162636465663866633432326336653431373163373263396131623565
37323938383932373334343932636365373363653166653632363639633966643161373761613730
62373765656661663963383338393966393434666562393664363835633762346431306532393538
38626562393133613038353962356631633961366531313332643562336563366639303066633231
62646137323965623363356361643765666335333635303133656136383731313262356564316462
32343065326439306464663134383236623463666666313565323633313763383530633639663831
62643564386164316666346538366138623662313762626363303138383733333231636662656531
61333039643461343738663336333364373337353762636433333130323934653165663363643464
38326365633638616236303562646561643436373862663534333236386238663333326565383865
66616130383662656539343935363133393939396431353062363139613430353133353762666335
32633736343134633532373933343231666338316635613366306539663530623232323264636261
61383635353562616436306661306331653936646566326636303234373334393566303866643364
61343235663733306230643962636233663837663731626439313961393738373561653136656637
31656630353263653262656537363565303735343936613831616265363636653436653334306434
34613065393738643738383164306333643239626161323538386332653235343063326337383331
64383635333835623939386635386131343738326265396539643231633037653164376137313039
37343464643563383133646538356636333632343762613266343132663636613339333862393565
37303234313965343361326130343538383234663730386562386362313364633834353862666631
63616238313435383066343635386462663936363632636638383962613463623334336537313138
30393137626438363130383838613163363833326532663333333738326635363135363936343935
34386633646161663866356137306434363037646262656561646533393830303661386130666632
66666163306466666239386339303762366536663066366335353264383531633939323762663432
33346162306638313663353537336337363033363163393462366635646261633166366232616461
31333731313662363338653637326630303033646331323030376133383731616434333534386637
34383662326163623730313731383363623834663062383061656534326235626364616131633231
38306631636663316232313630386361323264363665613664353736313063323932353332613836
30623134646162313037376364353034343666633037656433656330313061356563383563313034
31653261316235363961303931663931303761353462613934303136623766363336613433636362
61643135326333306334376537653763663665353963363831373437356535376162623636613863
33396334666365663462373535663731613736366161383338333366656239303739353364303831
31636665646335376636623632366265333136313434346530343437333433316439366136396333
31616337653037643566613130343764386462323939646364396138623137323863313961376635
38396630363061313935613966336465306339616262633266386133363064363031616537653633
39643335636237663865623033313965623838363463636139613335323732373939376339376365
37393337646530663233633732353233626536646336613832636135623135666366396234646563
30323939363232383234313265306665643962323938356662393666356632386338396663376435
32623434363464373836313037626537336432303733333239646536626561316536303261643838
31323461663165653034633830373734333834353338333738626166643439363830313866656636
61646463306461356334396130653533663564313136343534373937626632346237636638373639
66633137333836366237633265666434396136363835363430383062363461316663313232616461
65636339333331666231323732333964326231373364643962333636316362643162643836326639
36336334663730356266303864373237626636393236306337356533393461326463383464386631
35303632346337653437633534633362313166326539323132656137386665613966373134643035
31303236336366393037623364626237303362366436393931653236393138333538363166666231
65313866373239653630386635386362343133616262303162336637346634633631363132653265
63356331313737303865656437386134326636633165373739623839663531303935613661376662
31343631623464343132366130656666383234303530643339303239353234646363613965613764
37353730343063656636356638373331363461643932323566653430343834653939623163633534
31346565656566333863383036613864363866346232356635656530613634393931373661376562
62653261363665373537643039323733333833303833363961323834333430393733383531313861
66393534303037333431353730353739343135663631396531363462316136643461646238623233
37613536633137616235386264306666393737323630666335303538613537653535646635316636
64346237353764386633306161353738373361386261623865613930343762333935663033353530
30343364383237383466313133363562393837366164656531313164343562336333373235663935
37336133643465396466653464653961303139343830383736656136383231663331633139616235
36393865383739623661303562363238366333623034346466346362633164623235363939646361
32663630623637353138383939636265333933353432356364613233306165636332623362396439
35656335333830346561656165613832316264303638326234363262386639396438356666663038
32643466363861353335613163316433323864663665643561313162343265363765383631376166
31383737323063626637336537313335666263383961393631326538396163616136613936323532
33343563616563333939333161323430663137633065396231366139363364663538386466383334
39386338616535376161636631353036633161353832643265626335643031393964303936393236
33353133623731343637623231373065653963313333643162386439653539396364316265656661
66303634653630336433633530343663626534373466346632613266376332666464303966356636
38633664356564303764613233333731383636316233636434376538616230346639386234623564
30346637653666323966306135633432303161333930313663626538623138623438376464373561
66333361303130363137656263633366646565613332303031316533363138623766316335393230
37386133616133313037333130363439663038626534356261333930653835313035613863333161
34336566373963316539363764363130323430623839343965666265336634633439393232363035
31336136333165666432663138323431346639306362306438343836333334646265376237633633
63383665323836656362373936616534656565643462633636346465323738353439396434363533
35663261623136306530613464336334303062326438393966356236663334626537616533366263
37326466323733343233353038316161373936376631663263346465313039333839353863663136
39336532663866633363613166393936656332356563316563393733626337646462353335316239
31383935613030336333666235306564366531356431346635326536373937646165623135366363
65363164356634383661346262653931303066373033623833363138306466363839373462663534
31363131373465623732353638376236353437383536633234323166613434653139616332373564
35343233616239333531333930633261663237386630383062393539653161663364636132363931
30353163626235653162363637303238636530313035636134663137663430323361373031623162
33613132353564626138663736663065653263656130373863626664383533633339306334306534
61323830643139313962306663393665343732316463666261336561336162386165336132356462
36303930393366363866373663656366393930303933393462346230323430393361343336356239
31623237343562646263666133323032373339343230333033636532306562616130353330363632
39643663326163303137376139326462316132393562646534373965663730326631353434363930
66326539363161646664366463636162613564303838336434373936353634633935323364356538
32626462313165646135363935376264666139336162326133353434623632646239333033346564
32353732663666353763333932663764396134353263393536386534326366626664653761643961
39663536333431303738323935363834316462633232393837306264666433383865643631373532
30383535323562346466656566643863386335633638383266623536616330326630386362626663
33613265326236306262616537356331313532636263333265353366656564376536613039663563
31383832336433636335663038636264646461323637636661353733386131336433376634656539
35323163383364356562366239326161376238633964643162666465616332653035633665633039
33656634386237333762653138323164336231613236636537373564626464633363666237353931
37646261313336663435303236636132616335303031646630386637336439366631643362643463
63336362346436663038643633346364653530646361336539646239356630646565373365373064
33353130663531656165313133663632383464636637663333633265303333613139393364613562
35653264616332306235616639306135623635343331646338666138653561343638663565346633
37303466613730616631666434333633306432653135396132363265643038333061386332303938
37343334353334383735363061353466653638303735613562376465333832656661343338646339
38393030663563373238323633333938383133333536646237373261383638376636613262623033
38623664333263363130643533333964363338313538396532383738666139663564346364386530
31616633313731633730323031636133636664326530336334663433303731373836663765343031
38323434396661313636656632393966663830326461363538646663343063653066373232333330
64333333383363323934373436313633646433303930633162653135363032633731376134346530
33303137633439646263363634336331383730343538626430633039326238646464393538616162
61306636363330666663343636623035363363306637303037616637313364663636653661313139
31306338353238633530656434396162333230303562623137363031616335383639376263666437
39343538383561623138333032643531656262373762663634363562643533613036393332346639
39373436316464346163376563373235383436396532346265636462343833366234623730353761
30326466356562623931353834636430363637393833656363393264653636323461326339353933
35383937306164666564356666366332623837323639613932396663306630643864353032393662
38656433393461336264323733353033623333646537306533646563313064396633613465343164
35333235626431366337326134653233653931373064383536333063356463343266306139653366
31346135326537613537623139386466316533306465393965393230396437633134353733343531
34333133663637613531653164363466623432333432633032666663663339323535633331396566
39353532313262316630366139313535336436623163653764316631323333393938303339323133
31616134646566373932353036396434643132383364326332653866383563373136316661303538
35346165333533363031383837313362323637653666343735363031336461623432346530373032
63363062373439356336373164663062356261396536383363316239633835363936623731626630
35346662646562613439626339353839363334656637363364353536343535373634633135633032
63363966616438386134303762653761343362363164633162376330626432363533396237616630
63366462393432663964363738356365376536323438353334343230323161633936343533616339
61623536336331626262333636383238333834363261313265383666336438383433666136613236
64633539353132303237666532363265303530663737646138653230626662636565323962353434
38373961653535303637656234666435303937366431333737303366323436366163626561323663
37373331633232666132373538643735626635333239323366386234363038623665393338373835
39353930633638313932653964646539313036613762333736343933396231636262366666313031
61663361306661376132353831336562613165383332633137633530623134306234333138663463
35343039386439643262636532353064633861616366366534316430373066633332356638663866
35316235356664383162313162356565643736373031646536356461386536333733643039393862
64313730336434653031353361653838383162323930643031653439393031343961613230316164
31386563346661616533323733383638353831313433386163653732393938306432376264663236
63633966376464373931313465333530343032303834626135646263323461396464303131353435
66363837313962623030643562363164653036393337303332323433313437373634616538396131
38396631663639356236396363303862336462306239643231313364336532313566373763313633
36633663383932373166613662353334636436643236346234646233383833323035373961633866
63633532323137396537326133333366343339623337656437613566663137386336373032313865
36393966393435316136366161356462323738616337336461653635336364346461356464663534
64353135373361353032373865373465346265616466343264333430646436336162323433616130
64663861633639363961366566616136383666396561653762323830306462666462376261316562
36626130326232663962383337613839653364323036313332656633316535393835346461336438
33386363376163306537356261663630383937376639346137613737353038363639326365623636
30393930626465646533323231623138303235636263376536366237366432353732343063653833
38366362313766353036623435373131316363333733383335393238663538376361623065306637
62626134653633613762613534653236363164343463356466653134306533666265336131356662
61633438353533323538333430643864313532383737623837663733353930653836306664383431
38316432643562616137306538343864623131383434363236316430656331323336326635316464
61363934343536633537653830356531656564393564316435653363343264383663366636343661
62666430623030626631346663636333313861396332623734626533353635666664383566613131
64613666653036346437643738633630396164363861393635363334666539393663363265343335
35363534643034653534616364613465393033363033376537343830346237323136643663623233
62356433356362373036396132346664366633373137323031663332366531613866353463313162
62323562633266313561616165636336356565303433353238343862656362353632663666663333
33333830323963343061316438633266316338653834373338666132373261386262653964633662
38313937376634653033623034666166333539633831313762363661393939363961623136303337
64386463616566626134323631383362626262636432653237613138346562353166386666343238
61303533363439656261336163316339393137633334373639386134666164623130633930376234
38326363633962343334623331343563613830333337396234376133356665373537303238663136
63666138353030306638643035333761323662623565306535336239646261623761636361393032
35323764656637383937333938393665333037383338346561636366616166316333373533396639
38323739623837623964343239323661623331326438306465663864373462363437353938383232
32383334343535383234363364666339656664363237383661333434353464323864356665663639
63663565653133353062316438623931616230373536383837306333383332336338646631323930
33306465336539316438373937643863636131373838643337366532306661303765383630663166
66303132373439356466376662386138306239356339633739343537346335316236623338393733
66303836363437373135353739613664376262353632373566306631306463376166343963613238
65383264643334626430613261653365313265653039623133316236383863393637313738306164
34373637636662613063616232396166653937303332396437643863663835636166306436383038
62386362306366353134666438336632373762343530383165306264663330333763366461353438
37333237323066626432663766383463386261363936333162613062356134333331366237646364
63623634353039316561343363636533623863626331636638366136636365393537336635643234
61363062306538396335626632646564303337386464663365356337373766663065336434663663
36363562316239346233626639363836393432626238343463653239383539323136613739356133
35336435353630616666333830613236346366333063333363653038363934653064396438653765
37363537353530346666303637633466633865626139356434303861633463333764613235396362
38383365653032643566653538393935303762303465346434616130623166323531663863376639
65636534383831633939386630326530313563666364613862336633643066393237363239393937
64353535663636326365333031373730373062613761306161383837633064336133316466613630
39313264643531303932646130393733396564613632376230623861663761616234383235353132
61386431353961336437343664363838316138623031336232353361633638663066346636666338
38636337626632336664306635626535353038613464633333643663633333383364623239653334
63663531393739393632373437336239653562303164653732353962333533366330663666343337
33303736366539633933633035393932643739646334373534643962643339613463623534393661
39383531623764646534333865396235336235623630303230656632626135333163353262393935
31353033346339396132383033326130643662653138343661386232613932346664653030613132
34663831653466353039343234383465343137386631386134383331333064636237383935346262
31656237386637386239363635313635353039323434636239313037646638383065386330646336
37656237626235323732363833326438653833623730353633373833393632373365393463373931
31316239363763356239373563366631636230383138646665633165666335663333396264393662
65373337393637633534303038353638383235643436636362336365616439616166643935636463
37313239663132356635643938613065393930626161316635653965663237623334356339356631
62386333663630626638623064623438643530306237353039386662303466626564363236633232
33353038323631366332383335656235393562393738383764643232333133623663396536303664
39373131663262336333383835326337363736633663343438303633393866643235666364643532
61323066623435333766336638653237616564366165343139663631626563616636333531663133
62326436383632643166626361643364393264643738323739383436396636366263616163666566
34386137666334663533643237613065333862396337316431323832373462373234306133343238
64666464643130343864326430656636316264646430346361346138383063376530333963356564
38663162613963323332616565356362613939333433316533363739636537353334353731326333
36636162616133376132613632326138363035346131343131383234663163316239636465313230
37393365643864663039313633313835356230623430383761343135336439326664653535343530
30326336633931363364613832613063663732656337376161366231356463323265623535666361
30623532343630613137306639393337656266643931346432623533326238353836623033313339
34616465633231636261633139656535666535323065326331636139643966396334336338356364
31306430306237383939616564366136326637663237393634363763313965333463613030306366
63353932396631363238356436616634613163373639663733386465376166663337353266313134
66316336303737346436313230613739313433363762313032393864666132336462653263646463
65343238636435383965623332373839333739353439666162386266633932343563303139613766
61356239663937646431613232633263313532383830383064313938663432353366643238643539
39326163616166333439353163386264313662373065653565633536333935633033393736636465
34326463313232663734303336326666623334313638356163333064383839623164646134663336
32323634633364343033373363666561646665653934613664366365376166346335386265353633
61666261356139643061653261346563343532383033373162636363626363383133316464336563
38313138616532656232663563643963383632326234356265643438333063356230396138363935
37373639396331633064346133343031643362623133643639643732333032663439306666366131
33306264393861663532643932623835346661636638623362353930613438303165616266336535
37623735316563396634616162613732646663393239396266333264323232393561343562656432
37366432613263336564343737613039333661303633653134303035643361613938313261373766
63323637653635303336663637343861313966363935623561643263366231663132623333643165
36656332393039643139333462336165383461336634326437373133383337623334643239623435
33663235326336623032393837393066343033643936633339316231366230316635613037356562
39316562376437363433663466336231306130396632636438343662386461386431323135306665
36383333376332333661646638326563346230346633326566613536313661393234373565626139
37646331343633376536616364663562666539646634633830653466356631623130326638366430
63313566366165613839623337656136323930646466373836303965373231656339333832323634
63303865336663616563613366353533666163383862356331613635326134643330616463653936
62383334353132353666356138396565393062383435656436346665326362633739616634396136
62623032613433636636346432353863336639323734333831663931353530383063663732346136
30316665333034336632626536303363666162353236336635346633633965363864626663383261
36303063313366396564643639646431373361373236616166613130383834326134373465383834
30326163313132386531373831613032626161323661316137353135323564646637646164303838
62663833373633396133653934356365316238616363313139646135316637636233633938643734
66613130643131626131373937313464373838393933336432323732316463353165306565633335
36323361643335306661653532633339383364326231333935663331636234326135356234353966
61343530383364653366363439383938623339306461323934326432653461646336316162346539
33353564653664353133343661363136643763623335616235346562653664333432373462323764
31366635643731306332313731343663616330656638373838663533616539643530373764623965
33356634663266353461343963373265663630363131353231643766653631386335343366313964
32633965633835633330396634626332366535656633653332663863363839373833333233346232
63353566336236623866383539643263613134383737613534616265623832323662643336323932
65313464336363656139613763356466346362376261656238393664653839356463343535333864
63613130396561306238626465626661643833666136313365383434373332663162633230373530
65656563633330343739373531636435363134626137306562653161353364633638653662623138
33303032613362366230623562336136643233643431366666356539316331653762383039613836
65643432343566393462343934393061643933363637383065373934623038306166646264623138
64643931643537393063373337376533366436343936373162623166633231323263643932616463
65346562663361323635393732396438623663393063373432313264616430393738303561653437
37326262613130326233313765666134376336363366323566663930636634303337633836633061
65343838396637386432393437313263383761313238303862633862363032346434396535363739
66323734303231376332306332666435636466353037383939666436343964366161323238666264
32356565326164373531306436626337333635386536356562643762646639316232373832353436
37313939323037623065343761626430376366616137383835323862666566386162316461326230
35333030623537653263376239373961393733626330646464316266366661616238343935646639
30656363323565666239333538336530383132303166656364333639656663656563326265386631
64323837653831366634376264373336363762326263663464646564636136656138336631623866
66643566333964386531333037653663363334623864383830363733363264313364616239393362
65336433346366653530653363626137356264616332323765636266366364386338353866316164
66633162646462303630616335396663353237313965306137666461646139353336303430396265
30393635383031643434353166386235626232653266313536386633643834383262306662656561
63363935393363316637666664343138633434363033613665666235653662356536323530343931
62363832313436363533396161356534356333353833633064636430633763363934623932323532
64653333353338306537326565643435376433623930366631363564303939316236323636363535
63323265616466626136306339396635343833313563616630396234623230393232323739623634
32306434333536633563353632303261316664393761383531316661363865306139333666633534
38616435373363323261346232303633343134336534616165616533386161633638306563316530
33353062633836363566623764656566326639313866626265373032653535663032633065376631
61343665643434353964333065353862366235313439316530643537373238336238616130363466
61353766303333643836373839323538373865333761646137646637343539663566313364396362
34656330323137336638633434623462613263303130303738346332623433346438343533323239
31303564323732343835383631323237663635643636653661643830386362303239313939643533
64653464616433646230613462396366393662333535306230653839373762653535623466393339
62306533313562383164613461626433396632363636653436623530626236636132373430336163
34663735376161303961623538376636393964343465356339633163306363303730343737306163
63383031363638636461306166376362323535313032333265636239323830656330303762353362
65373462303435383365336635633266623634323665343539303737393662363965373037633865
32363237633566393332666134366261333236663961313064303736616565633262643032303364
63333931353138653039373863356161323538313338363964643133383534316135383037653630
33313330623436643737396262373163323230356638663338613432333338356639303430626638
33633664343636306137323230633337343564336166363736616264393865336331316231363237
36383862353131343633653663353133313934326365613234363463383538643935366137316166
34376364343363623137656565313636383764613736323863376435396535326137613531643665
34613765313332343132333532363366316535343437653331313732653838633334646664323165
30333836306436656439356461616163303331386563363238636534353465623264616235666531
39343065653962656334643737373666633930343636643637366532333136346264663633396131
63353962343064326430303966353836633766626664636639346431396237656130646333376161
31396235366161653339323531363661656638323231373832633833643865346465393734336365
35336534326238363239613230373738636435653235353162663031313939363562346534653464
65356637313639626335323034616231313265313034613565326532313736623535636231306230
61623635333534346562663634353935343063653332663632613262636164643939306631393266
39313639613035383061663764393436623161666261346163313231323762383538323635346133
66316332323239653363333065383539323839306130396161333136356438396632336166636530
36323561623039663663366133373964633934353162663864336130646236666363633465636661
31356263376435383636303237353763306634643463643263343631663934353430313837663634
35323139313034393231386337623931613766656239366231303635336465313832616337666262
61623439373131313932353732326233623338306137356161636138323034643165303830326339
64613935393563363031626333333932316266613363303531363231373037346534316434383730
65633065623038336666653639653662303437663735353530633334626266653364663665653130
39376238306535383635663263386536633537393035353666373263616330373565393434653866
35613836343866613932623363363937373532336366396362633735633030663961623136643835
30346138393638643632353335393363666161313736656163313435613261396465373334633162
34383935656435333763363431366563393466613730366532633733343038363666323164653234
61376336653964656336643938353839623162393638653732656361356232373266393130326235
32396461313838633139316635366663613236383864363766373163666132613463333666393431
30666133333339633431366664663964353732346330653632383261373133336433643730613062
37366334346662663834656566313965346535376238356161373131346563333434633263636565
32653334323538396163646262643232393538396433323463356463396336643334363834633131
37313432346330633335303138376166306630303262366538646636366561666139386664343463
39343361623232326334633261393130316632386136616634306136646535303437343939343030
30303766363561633564353838656437313639636262663165663036346438363637636236323661
63306162393638393839353334656438626239323931393834396531623339663733393134666164
39623332313239343539
